7,google,python,128,europe-west1,6650,6306,344,Google 128 MB , 128 MB
7,google,python,128,europe-west1,5848,1229,4619,Google 128 MB, 128 MB
7,google,python,128,europe-west1,6758,1872,4886,Google 128 MB, 128 MB
7,google,python,128,europe-west1,6585,1867,4718,Google 128 MB, 128 MB
7,google,python,128,europe-west1,8542,8399,143,Google 128 MB , 128 MB
7,google,python,128,europe-west1,8745,8502,243,Google 128 MB , 128 MB
7,google,python,128,europe-west1,8528,8306,222,Google 128 MB , 128 MB
7,google,python,128,europe-west1,8331,8192,139,Google 128 MB , 128 MB
7,google,python,128,europe-west1,7031,6799,232,Google 128 MB , 128 MB
7,google,python,128,europe-west1,8630,8486,144,Google 128 MB , 128 MB
7,google,python,128,europe-west1,9639,9511,128,Google 128 MB , 128 MB
7,google,python,128,europe-west1,9933,9694,239,Google 128 MB , 128 MB
7,google,python,128,europe-west1,10140,9995,145,Google 128 MB, 128 MB
7,google,python,128,europe-west1,9227,9109,118,Google 128 MB , 128 MB
7,google,python,128,europe-west1,8633,8408,225,Google 128 MB , 128 MB
7,google,python,128,europe-west1,9320,9093,227,Google 128 MB , 128 MB
7,google,python,128,europe-west1,8613,8502,111,Google 128 MB , 128 MB
7,google,python,128,europe-west1,8409,8284,125,Google 128 MB , 128 MB
7,google,python,128,europe-west1,7711,7498,213,Google 128 MB , 128 MB
7,google,python,128,europe-west1,6724,6504,220,Google 128 MB , 128 MB
7,google,python,128,europe-west1,7310,7192,118,Google 128 MB , 128 MB
7,google,python,128,europe-west1,7631,7498,133,Google 128 MB , 128 MB
7,google,python,128,europe-west1,7933,7787,146,Google 128 MB , 128 MB
7,google,python,128,europe-west1,7711,7500,211,Google 128 MB , 128 MB
7,google,python,128,europe-west1,7137,6997,140,Google 128 MB , 128 MB
7,google,python,128,europe-west1,7713,7589,124,Google 128 MB , 128 MB
7,google,python,128,europe-west1,7010,6706,304,Google 128 MB , 128 MB
7,google,python,128,europe-west1,7317,7074,243,Google 128 MB , 128 MB
7,google,python,128,europe-west1,6431,6311,120,Google 128 MB , 128 MB
7,google,python,128,europe-west1,8711,8502,209,Google 128 MB , 128 MB
7,google,python,128,europe-west1,8286,8097,189,Google 128 MB , 128 MB
7,google,python,128,europe-west1,6218,6092,126,Google 128 MB , 128 MB
7,google,python,128,europe-west1,7219,6907,312,Google 128 MB , 128 MB
7,google,python,128,europe-west1,8621,8499,122,Google 128 MB , 128 MB
7,google,python,128,europe-west1,8907,8700,207,Google 128 MB , 128 MB
7,google,python,128,europe-west1,8107,7759,348,Google 128 MB , 128 MB
7,google,python,128,europe-west1,9190,8987,203,Google 128 MB , 128 MB
7,google,python,128,europe-west1,9248,8601,647,Google 128 MB , 128 MB
7,google,python,128,europe-west1,6496,6265,231,Google 128 MB , 128 MB
7,google,python,128,europe-west1,8008,7713,295,Google 128 MB , 128 MB
7,google,python,128,europe-west1,7910,7695,215,Google 128 MB , 128 MB
7,google,python,128,europe-west1,7680,7457,223,Google 128 MB , 128 MB
7,google,python,128,europe-west1,8883,8691,192,Google 128 MB , 128 MB
7,google,python,128,europe-west1,10475,10354,121,Google 128 M, 128 MBB
7,google,python,128,europe-west1,9081,8951,130,Google 128 MB , 128 MB
7,google,python,128,europe-west1,6495,6304,191,Google 128 MB , 128 MB
7,google,python,128,europe-west1,6588,6306,282,Google 128 MB , 128 MB
7,google,python,128,europe-west1,7280,7159,121,Google 128 MB , 128 MB
7,google,python,128,europe-west1,6686,6490,196,Google 128 MB , 128 MB
7,google,python,128,europe-west1,7569,7397,172,Google 128 MB , 128 MB
7,google,python,128,europe-west1,6680,6407,273,Google 128 MB , 128 MB
7,google,python,128,europe-west1,9062,8803,259,Google 128 MB , 128 MB
7,google,python,128,europe-west1,11963,11697,266,Google 128 M, 128 MBB
7,google,python,128,europe-west1,11190,10952,238,Google 128 M, 128 MBB
7,google,python,128,europe-west1,10577,8588,1989,Google 128 M, 128 MBB
7,google,python,128,europe-west1,6585,6307,278,Google 128 MB , 128 MB
7,google,python,128,europe-west1,7463,7338,125,Google 128 MB , 128 MB
7,google,python,128,europe-west1,7287,7103,184,Google 128 MB , 128 MB
7,google,python,128,europe-west1,7371,7193,178,Google 128 MB , 128 MB
7,google,python,128,europe-west1,7152,7039,113,Google 128 MB , 128 MB
7,google,python,128,europe-west1,7367,7240,127,Google 128 MB , 128 MB
7,google,python,128,europe-west1,8347,8238,109,Google 128 MB , 128 MB
7,google,python,128,europe-west1,8141,7909,232,Google 128 MB , 128 MB
7,google,python,128,europe-west1,7349,7204,145,Google 128 MB , 128 MB
7,google,python,128,europe-west1,7223,7094,129,Google 128 MB , 128 MB
7,google,python,128,europe-west1,6555,6411,144,Google 128 MB , 128 MB
7,google,python,128,europe-west1,8042,7914,128,Google 128 MB , 128 MB
7,google,python,128,europe-west1,8928,8798,130,Google 128 MB , 128 MB
7,google,python,128,europe-west1,7826,7562,264,Google 128 MB , 128 MB
7,google,python,128,europe-west1,6545,6427,118,Google 128 MB , 128 MB
7,google,python,128,europe-west1,8230,7977,253,Google 128 MB , 128 MB
7,google,python,128,europe-west1,9217,9004,213,Google 128 MB , 128 MB
7,google,python,128,europe-west1,8222,8104,118,Google 128 MB , 128 MB
7,google,python,128,europe-west1,9024,8898,126,Google 128 MB , 128 MB
7,google,python,128,europe-west1,9720,9501,219,Google 128 MB , 128 MB
7,google,python,128,europe-west1,9013,8878,135,Google 128 MB , 128 MB
7,google,python,128,europe-west1,8213,7909,304,Google 128 MB , 128 MB
7,google,python,128,europe-west1,8125,7990,135,Google 128 MB , 128 MB
7,google,python,128,europe-west1,9125,8581,544,Google 128 MB , 128 MB
7,google,python,128,europe-west1,9220,8994,226,Google 128 MB , 128 MB
7,google,python,128,europe-west1,8599,8398,201,Google 128 MB , 128 MB
7,google,python,128,europe-west1,6435,6221,214,Google 128 MB , 128 MB
7,google,python,128,europe-west1,7414,7294,120,Google 128 MB , 128 MB
7,google,python,128,europe-west1,6719,6597,122,Google 128 MB , 128 MB
7,google,python,128,europe-west1,8699,8410,289,Google 128 MB , 128 MB
7,google,python,128,europe-west1,8606,8479,127,Google 128 MB , 128 MB
7,google,python,128,europe-west1,7209,7009,200,Google 128 MB , 128 MB
7,google,python,128,europe-west1,7614,7492,122,Google 128 MB , 128 MB
7,google,python,128,europe-west1,7388,7188,200,Google 128 MB , 128 MB
7,google,python,128,europe-west1,7414,7097,317,Google 128 MB , 128 MB
7,google,python,128,europe-west1,7195,6998,197,Google 128 MB , 128 MB
7,google,python,128,europe-west1,7118,6902,216,Google 128 MB , 128 MB
7,google,python,128,europe-west1,7429,7217,212,Google 128 MB , 128 MB
7,google,python,128,europe-west1,8015,7810,205,Google 128 MB , 128 MB
7,google,python,128,europe-west1,7022,6897,125,Google 128 MB , 128 MB
7,google,python,128,europe-west1,7795,7602,193,Google 128 MB , 128 MB
7,google,python,128,europe-west1,9300,9179,121,Google 128 MB , 128 MB
7,google,python,128,europe-west1,9089,8890,199,Google 128 MB , 128 MB
7,google,python,128,europe-west1,7354,7214,140,Google 128 MB , 128 MB
7,google,python,128,europe-west1,6502,6212,290,Google 128 MB , 128 MB
8,google,python,256,europe-west1,3295,3178,117,Google 256 MB , 256 MB
8,google,python,256,europe-west1,3177,3008,169,Google 256 MB , 256 MB
8,google,python,256,europe-west1,4176,2893,1283,Google 256 MB, 256 MB
8,google,python,256,europe-west1,3160,3053,107,Google 256 MB , 256 MB
8,google,python,256,europe-west1,3265,3147,118,Google 256 MB , 256 MB
8,google,python,256,europe-west1,3162,3048,114,Google 256 MB , 256 MB
8,google,python,256,europe-west1,3158,3034,124,Google 256 MB , 256 MB
8,google,python,256,europe-west1,3155,2996,159,Google 256 MB , 256 MB
8,google,python,256,europe-west1,3063,2949,114,Google 256 MB , 256 MB
8,google,python,256,europe-west1,3265,3160,105,Google 256 MB , 256 MB
8,google,python,256,europe-west1,3252,3107,145,Google 256 MB , 256 MB
8,google,python,256,europe-west1,3696,3129,567,Google 256 MB , 256 MB
8,google,python,256,europe-west1,3262,3151,111,Google 256 MB , 256 MB
8,google,python,256,europe-west1,3449,3344,105,Google 256 MB , 256 MB
8,google,python,256,europe-west1,3370,3210,160,Google 256 MB , 256 MB
8,google,python,256,europe-west1,3449,3224,225,Google 256 MB , 256 MB
8,google,python,256,europe-west1,3635,3190,445,Google 256 MB , 256 MB
8,google,python,256,europe-west1,3733,3206,527,Google 256 MB , 256 MB
8,google,python,256,europe-west1,3039,2929,110,Google 256 MB , 256 MB
8,google,python,256,europe-west1,3350,3198,152,Google 256 MB , 256 MB
8,google,python,256,europe-west1,3324,3104,220,Google 256 MB , 256 MB
8,google,python,256,europe-west1,3236,3119,117,Google 256 MB , 256 MB
8,google,python,256,europe-west1,3546,3110,436,Google 256 MB , 256 MB
8,google,python,256,europe-west1,3218,3103,115,Google 256 MB , 256 MB
8,google,python,256,europe-west1,3345,3245,100,Google 256 MB , 256 MB
8,google,python,256,europe-west1,3228,3118,110,Google 256 MB , 256 MB
8,google,python,256,europe-west1,3418,3306,112,Google 256 MB , 256 MB
8,google,python,256,europe-west1,3210,3094,116,Google 256 MB , 256 MB
8,google,python,256,europe-west1,3223,3107,116,Google 256 MB , 256 MB
8,google,python,256,europe-west1,3216,3110,106,Google 256 MB , 256 MB
8,google,python,256,europe-west1,3204,3094,110,Google 256 MB , 256 MB
8,google,python,256,europe-west1,3120,3007,113,Google 256 MB , 256 MB
8,google,python,256,europe-west1,3427,3221,206,Google 256 MB , 256 MB
8,google,python,256,europe-west1,3333,3126,207,Google 256 MB , 256 MB
8,google,python,256,europe-west1,3404,3204,200,Google 256 MB , 256 MB
8,google,python,256,europe-west1,3575,3087,488,Google 256 MB , 256 MB
8,google,python,256,europe-west1,3293,3098,195,Google 256 MB , 256 MB
8,google,python,256,europe-west1,3325,3216,109,Google 256 MB , 256 MB
8,google,python,256,europe-west1,3309,3109,200,Google 256 MB , 256 MB
8,google,python,256,europe-west1,3310,3103,207,Google 256 MB , 256 MB
8,google,python,256,europe-west1,3313,3114,199,Google 256 MB , 256 MB
8,google,python,256,europe-west1,3383,3273,110,Google 256 MB , 256 MB
8,google,python,256,europe-west1,3388,3202,186,Google 256 MB , 256 MB
8,google,python,256,europe-west1,3093,2966,127,Google 256 MB , 256 MB
8,google,python,256,europe-west1,3479,3305,174,Google 256 MB , 256 MB
8,google,python,256,europe-west1,3929,3307,622,Google 256 MB , 256 MB
8,google,python,256,europe-west1,3048,2941,107,Google 256 MB , 256 MB
8,google,python,256,europe-west1,3248,3127,121,Google 256 MB , 256 MB
8,google,python,256,europe-west1,3063,2962,101,Google 256 MB , 256 MB
8,google,python,256,europe-west1,3067,2966,101,Google 256 MB , 256 MB
8,google,python,256,europe-west1,3153,3050,103,Google 256 MB , 256 MB
8,google,python,256,europe-west1,3259,3109,150,Google 256 MB , 256 MB
8,google,python,256,europe-west1,3249,3123,126,Google 256 MB , 256 MB
8,google,python,256,europe-west1,3150,3049,101,Google 256 MB , 256 MB
8,google,python,256,europe-west1,3357,3245,112,Google 256 MB , 256 MB
8,google,python,256,europe-west1,3048,2947,101,Google 256 MB , 256 MB
8,google,python,256,europe-west1,3158,3048,110,Google 256 MB , 256 MB
8,google,python,256,europe-west1,3156,3019,137,Google 256 MB , 256 MB
8,google,python,256,europe-west1,3143,2952,191,Google 256 MB , 256 MB
8,google,python,256,europe-west1,3143,3043,100,Google 256 MB , 256 MB
8,google,python,256,europe-west1,3238,3031,207,Google 256 MB , 256 MB
8,google,python,256,europe-west1,3460,3150,310,Google 256 MB , 256 MB
8,google,python,256,europe-west1,3265,3108,157,Google 256 MB , 256 MB
8,google,python,256,europe-west1,3327,3110,217,Google 256 MB , 256 MB
8,google,python,256,europe-west1,3234,3093,141,Google 256 MB , 256 MB
8,google,python,256,europe-west1,3155,3045,110,Google 256 MB , 256 MB
8,google,python,256,europe-west1,3347,3206,141,Google 256 MB , 256 MB
8,google,python,256,europe-west1,3341,3198,143,Google 256 MB , 256 MB
8,google,python,256,europe-west1,3231,3115,116,Google 256 MB , 256 MB
8,google,python,256,europe-west1,3229,3124,105,Google 256 MB , 256 MB
8,google,python,256,europe-west1,3233,3111,122,Google 256 MB , 256 MB
8,google,python,256,europe-west1,3230,3111,119,Google 256 MB , 256 MB
8,google,python,256,europe-west1,3228,3114,114,Google 256 MB , 256 MB
8,google,python,256,europe-west1,3515,3300,215,Google 256 MB , 256 MB
8,google,python,256,europe-west1,3240,3128,112,Google 256 MB , 256 MB
8,google,python,256,europe-west1,3128,3023,105,Google 256 MB , 256 MB
8,google,python,256,europe-west1,3227,3118,109,Google 256 MB , 256 MB
8,google,python,256,europe-west1,3132,3031,101,Google 256 MB , 256 MB
8,google,python,256,europe-west1,3236,3107,129,Google 256 MB , 256 MB
8,google,python,256,europe-west1,3324,3214,110,Google 256 MB , 256 MB
8,google,python,256,europe-west1,3220,3103,117,Google 256 MB , 256 MB
8,google,python,256,europe-west1,3307,3192,115,Google 256 MB , 256 MB
8,google,python,256,europe-west1,3472,3311,161,Google 256 MB , 256 MB
8,google,python,256,europe-west1,3464,3296,168,Google 256 MB , 256 MB
8,google,python,256,europe-west1,3178,3064,114,Google 256 MB , 256 MB
8,google,python,256,europe-west1,3168,3071,97,Google 256 MB  , 256 MB
8,google,python,256,europe-west1,3041,2933,108,Google 256 MB , 256 MB
8,google,python,256,europe-west1,3323,3212,111,Google 256 MB , 256 MB
8,google,python,256,europe-west1,3322,3201,121,Google 256 MB , 256 MB
8,google,python,256,europe-west1,3245,3138,107,Google 256 MB , 256 MB
8,google,python,256,europe-west1,3311,3196,115,Google 256 MB , 256 MB
8,google,python,256,europe-west1,3320,3105,215,Google 256 MB , 256 MB
8,google,python,256,europe-west1,3426,3192,234,Google 256 MB , 256 MB
8,google,python,256,europe-west1,3425,3207,218,Google 256 MB , 256 MB
8,google,python,256,europe-west1,3225,3115,110,Google 256 MB , 256 MB
8,google,python,256,europe-west1,3329,3112,217,Google 256 MB , 256 MB
8,google,python,256,europe-west1,3208,3098,110,Google 256 MB , 256 MB
8,google,python,256,europe-west1,3308,3202,106,Google 256 MB , 256 MB
8,google,python,256,europe-west1,3199,2907,292,Google 256 MB , 256 MB
8,google,python,256,europe-west1,3407,3208,199,Google 256 MB , 256 MB
9,google,python,512,europe-west1,1548,1417,131,Google 512 MB , 512 MB
9,google,python,512,europe-west1,1750,1627,123,Google 512 MB , 512 MB
9,google,python,512,europe-west1,1569,1435,134,Google 512 MB , 512 MB
9,google,python,512,europe-west1,1544,1418,126,Google 512 MB , 512 MB
9,google,python,512,europe-west1,1632,1511,121,Google 512 MB , 512 MB
9,google,python,512,europe-west1,1479,1409,70,Google 512 MB  , 512 MB
9,google,python,512,europe-west1,1453,1391,62,Google 512 MB  , 512 MB
9,google,python,512,europe-west1,1564,1444,120,Google 512 MB , 512 MB
9,google,python,512,europe-west1,1467,1404,63,Google 512 MB  , 512 MB
9,google,python,512,europe-west1,1695,1538,157,Google 512 MB , 512 MB
9,google,python,512,europe-west1,1635,1505,130,Google 512 MB , 512 MB
9,google,python,512,europe-west1,1481,1418,63,Google 512 MB  , 512 MB
9,google,python,512,europe-west1,1585,1460,125,Google 512 MB , 512 MB
9,google,python,512,europe-west1,1656,1526,130,Google 512 MB , 512 MB
9,google,python,512,europe-west1,1628,1424,204,Google 512 MB , 512 MB
9,google,python,512,europe-west1,1658,1534,124,Google 512 MB , 512 MB
9,google,python,512,europe-west1,1650,1523,127,Google 512 MB , 512 MB
9,google,python,512,europe-west1,1645,1532,113,Google 512 MB , 512 MB
9,google,python,512,europe-west1,1470,1389,81,Google 512 MB  , 512 MB
9,google,python,512,europe-west1,1637,1449,188,Google 512 MB , 512 MB
9,google,python,512,europe-west1,1524,1447,77,Google 512 MB  , 512 MB
9,google,python,512,europe-west1,1579,1512,67,Google 512 MB  , 512 MB
9,google,python,512,europe-west1,1690,1544,146,Google 512 MB , 512 MB
9,google,python,512,europe-west1,1827,1629,198,Google 512 MB , 512 MB
9,google,python,512,europe-west1,1419,1318,101,Google 512 MB , 512 MB
9,google,python,512,europe-west1,1650,1511,139,Google 512 MB , 512 MB
9,google,python,512,europe-west1,1672,1525,147,Google 512 MB , 512 MB
9,google,python,512,europe-west1,1582,1443,139,Google 512 MB , 512 MB
9,google,python,512,europe-west1,1487,1427,60,Google 512 MB  , 512 MB
9,google,python,512,europe-west1,1687,1582,105,Google 512 MB , 512 MB
9,google,python,512,europe-west1,1359,1285,74,Google 512 MB  , 512 MB
9,google,python,512,europe-west1,1748,1610,138,Google 512 MB , 512 MB
9,google,python,512,europe-west1,1718,1526,192,Google 512 MB , 512 MB
9,google,python,512,europe-west1,1689,1490,199,Google 512 MB , 512 MB
9,google,python,512,europe-west1,1686,1542,144,Google 512 MB , 512 MB
9,google,python,512,europe-west1,1471,1413,58,Google 512 MB  , 512 MB
9,google,python,512,europe-west1,1643,1503,140,Google 512 MB , 512 MB
9,google,python,512,europe-west1,1798,1620,178,Google 512 MB , 512 MB
9,google,python,512,europe-west1,1540,1471,69,Google 512 MB  , 512 MB
9,google,python,512,europe-west1,1724,1592,132,Google 512 MB , 512 MB
9,google,python,512,europe-west1,1447,1383,64,Google 512 MB  , 512 MB
9,google,python,512,europe-west1,1571,1463,108,Google 512 MB , 512 MB
9,google,python,512,europe-west1,1615,1481,134,Google 512 MB , 512 MB
9,google,python,512,europe-west1,1543,1479,64,Google 512 MB  , 512 MB
9,google,python,512,europe-west1,1417,1351,66,Google 512 MB  , 512 MB
9,google,python,512,europe-west1,1461,1398,63,Google 512 MB  , 512 MB
9,google,python,512,europe-west1,1646,1534,112,Google 512 MB , 512 MB
9,google,python,512,europe-west1,1687,1527,160,Google 512 MB , 512 MB
9,google,python,512,europe-west1,1541,1485,56,Google 512 MB  , 512 MB
9,google,python,512,europe-west1,1539,1430,109,Google 512 MB , 512 MB
9,google,python,512,europe-west1,1630,1557,73,Google 512 MB  , 512 MB
9,google,python,512,europe-west1,1641,1528,113,Google 512 MB , 512 MB
9,google,python,512,europe-west1,1567,1455,112,Google 512 MB , 512 MB
9,google,python,512,europe-west1,1731,1521,210,Google 512 MB , 512 MB
9,google,python,512,europe-west1,1626,1556,70,Google 512 MB  , 512 MB
9,google,python,512,europe-west1,1619,1515,104,Google 512 MB , 512 MB
9,google,python,512,europe-west1,1589,1433,156,Google 512 MB , 512 MB
9,google,python,512,europe-west1,1351,1286,65,Google 512 MB  , 512 MB
9,google,python,512,europe-west1,1539,1427,112,Google 512 MB , 512 MB
9,google,python,512,europe-west1,1407,1329,78,Google 512 MB  , 512 MB
9,google,python,512,europe-west1,1627,1551,76,Google 512 MB  , 512 MB
9,google,python,512,europe-west1,1860,1712,148,Google 512 MB , 512 MB
9,google,python,512,europe-west1,1747,1626,121,Google 512 MB , 512 MB
9,google,python,512,europe-west1,1846,1726,120,Google 512 MB , 512 MB
9,google,python,512,europe-west1,1587,1467,120,Google 512 MB , 512 MB
9,google,python,512,europe-west1,1711,1611,100,Google 512 MB , 512 MB
9,google,python,512,europe-west1,1683,1529,154,Google 512 MB , 512 MB
9,google,python,512,europe-west1,1588,1489,99,Google 512 MB  , 512 MB
9,google,python,512,europe-west1,1532,1474,58,Google 512 MB  , 512 MB
9,google,python,512,europe-west1,2014,1626,388,Google 512 MB , 512 MB
9,google,python,512,europe-west1,1600,1535,65,Google 512 MB  , 512 MB
9,google,python,512,europe-west1,1605,1535,70,Google 512 MB  , 512 MB
9,google,python,512,europe-west1,1961,1540,421,Google 512 MB , 512 MB
9,google,python,512,europe-west1,1722,1610,112,Google 512 MB , 512 MB
9,google,python,512,europe-west1,1698,1626,72,Google 512 MB  , 512 MB
9,google,python,512,europe-west1,1608,1551,57,Google 512 MB  , 512 MB
9,google,python,512,europe-west1,1827,1625,202,Google 512 MB , 512 MB
9,google,python,512,europe-west1,1671,1593,78,Google 512 MB  , 512 MB
9,google,python,512,europe-west1,2082,1591,491,Google 512 MB , 512 MB
9,google,python,512,europe-west1,1689,1621,68,Google 512 MB  , 512 MB
9,google,python,512,europe-west1,1645,1436,209,Google 512 MB , 512 MB
9,google,python,512,europe-west1,1603,1540,63,Google 512 MB  , 512 MB
9,google,python,512,europe-west1,1705,1545,160,Google 512 MB , 512 MB
9,google,python,512,europe-west1,1730,1514,216,Google 512 MB , 512 MB
9,google,python,512,europe-west1,1751,1544,207,Google 512 MB , 512 MB
9,google,python,512,europe-west1,1650,1492,158,Google 512 MB , 512 MB
9,google,python,512,europe-west1,1672,1603,69,Google 512 MB  , 512 MB
9,google,python,512,europe-west1,1600,1530,70,Google 512 MB  , 512 MB
9,google,python,512,europe-west1,1917,1709,208,Google 512 MB , 512 MB
9,google,python,512,europe-west1,1643,1526,117,Google 512 MB , 512 MB
9,google,python,512,europe-west1,1547,1476,71,Google 512 MB  , 512 MB
9,google,python,512,europe-west1,1582,1432,150,Google 512 MB , 512 MB
9,google,python,512,europe-west1,1869,1692,177,Google 512 MB , 512 MB
9,google,python,512,europe-west1,1552,1489,63,Google 512 MB  , 512 MB
9,google,python,512,europe-west1,1663,1532,131,Google 512 MB , 512 MB
9,google,python,512,europe-west1,1560,1433,127,Google 512 MB , 512 MB
9,google,python,512,europe-west1,1470,1335,135,Google 512 MB , 512 MB
9,google,python,512,europe-west1,1521,1396,125,Google 512 MB , 512 MB
9,google,python,512,europe-west1,1635,1510,125,Google 512 MB , 512 MB
9,google,python,512,europe-west1,1460,1334,126,Google 512 MB , 512 MB
9,google,python,1024,europe-west1,1246,845,401,Google 1024 MB, 1024 MB
10,google,python,1024,europe-west1,929,834,95,Google 1024 MB    , 1024 MB
10,google,python,1024,europe-west1,955,861,94,Google 1024 MB    , 1024 MB
10,google,python,1024,europe-west1,942,846,96,Google 1024 MB    , 1024 MB
10,google,python,1024,europe-west1,985,885,100,Google 1024 MB   , 1024 MB
10,google,python,1024,europe-west1,903,816,87,Google 1024 MB    , 1024 MB
10,google,python,1024,europe-west1,863,778,85,Google 1024 MB    , 1024 MB
10,google,python,1024,europe-west1,933,851,82,Google 1024 MB    , 1024 MB
10,google,python,1024,europe-west1,1009,922,87,Google 1024 MB   , 1024 MB
10,google,python,1024,europe-west1,893,811,82,Google 1024 MB    , 1024 MB
10,google,python,1024,europe-west1,909,828,81,Google 1024 MB    , 1024 MB
10,google,python,1024,europe-west1,945,865,80,Google 1024 MB    , 1024 MB
10,google,python,1024,europe-west1,982,910,72,Google 1024 MB    , 1024 MB
10,google,python,1024,europe-west1,994,921,73,Google 1024 MB    , 1024 MB
10,google,python,1024,europe-west1,1045,864,181,Google 1024 MB  , 1024 MB
10,google,python,1024,europe-west1,914,845,69,Google 1024 MB    , 1024 MB
10,google,python,1024,europe-west1,1040,872,168,Google 1024 MB  , 1024 MB
10,google,python,1024,europe-west1,1229,1145,84,Google 1024 MB  , 1024 MB
10,google,python,1024,europe-west1,893,832,61,Google 1024 MB    , 1024 MB
10,google,python,1024,europe-west1,1116,963,153,Google 1024 MB  , 1024 MB
10,google,python,1024,europe-west1,933,778,155,Google 1024 MB   , 1024 MB
10,google,python,1024,europe-west1,2689,746,1943,Google 1024 MB , 1024 MB
10,google,python,1024,europe-west1,921,766,155,Google 1024 MB   , 1024 MB
10,google,python,1024,europe-west1,917,857,60,Google 1024 MB    , 1024 MB
10,google,python,1024,europe-west1,975,822,153,Google 1024 MB   , 1024 MB
10,google,python,1024,europe-west1,1042,900,142,Google 1024 MB  , 1024 MB
10,google,python,1024,europe-west1,1011,861,150,Google 1024 MB  , 1024 MB
10,google,python,1024,europe-west1,969,823,146,Google 1024 MB   , 1024 MB
10,google,python,1024,europe-west1,1367,1155,212,Google 1024 MB , 1024 MB
10,google,python,1024,europe-west1,1426,1307,119,Google 1024 MB , 1024 MB
10,google,python,1024,europe-west1,904,751,153,Google 1024 MB   , 1024 MB
10,google,python,1024,europe-west1,904,847,57,Google 1024 MB    , 1024 MB
10,google,python,1024,europe-west1,914,770,144,Google 1024 MB   , 1024 MB
10,google,python,1024,europe-west1,1059,910,149,Google 1024 MB  , 1024 MB
10,google,python,1024,europe-west1,954,816,138,Google 1024 MB   , 1024 MB
10,google,python,1024,europe-west1,885,751,134,Google 1024 MB   , 1024 MB
10,google,python,1024,europe-west1,1040,906,134,Google 1024 MB  , 1024 MB
10,google,python,1024,europe-west1,962,834,128,Google 1024 MB   , 1024 MB
10,google,python,1024,europe-west1,937,878,59,Google 1024 MB    , 1024 MB
10,google,python,1024,europe-west1,998,873,125,Google 1024 MB   , 1024 MB
10,google,python,1024,europe-west1,987,855,132,Google 1024 MB   , 1024 MB
10,google,python,1024,europe-west1,971,902,69,Google 1024 MB    , 1024 MB
10,google,python,1024,europe-west1,986,867,119,Google 1024 MB   , 1024 MB
10,google,python,1024,europe-west1,1293,1175,118,Google 1024 MB , 1024 MB
10,google,python,1024,europe-west1,947,872,75,Google 1024 MB    , 1024 MB
10,google,python,1024,europe-west1,882,807,75,Google 1024 MB    , 1024 MB
10,google,python,1024,europe-west1,887,814,73,Google 1024 MB    , 1024 MB
10,google,python,1024,europe-west1,996,872,124,Google 1024 MB   , 1024 MB
10,google,python,1024,europe-west1,1013,900,113,Google 1024 MB  , 1024 MB
10,google,python,1024,europe-west1,868,754,114,Google 1024 MB   , 1024 MB
10,google,python,1024,europe-west1,1147,862,285,Google 1024 MB  , 1024 MB
10,google,python,1024,europe-west1,1035,921,114,Google 1024 MB  , 1024 MB
10,google,python,1024,europe-west1,1106,822,284,Google 1024 MB  , 1024 MB
10,google,python,1024,europe-west1,843,770,73,Google 1024 MB    , 1024 MB
10,google,python,1024,europe-west1,950,842,108,Google 1024 MB   , 1024 MB
10,google,python,1024,europe-west1,1019,862,157,Google 1024 MB  , 1024 MB
10,google,python,1024,europe-west1,940,882,58,Google 1024 MB    , 1024 MB
10,google,python,1024,europe-west1,1056,945,111,Google 1024 MB  , 1024 MB
10,google,python,1024,europe-west1,1015,908,107,Google 1024 MB  , 1024 MB
10,google,python,1024,europe-west1,972,870,102,Google 1024 MB   , 1024 MB
10,google,python,1024,europe-west1,867,787,80,Google 1024 MB    , 1024 MB
10,google,python,1024,europe-west1,1025,923,102,Google 1024 MB  , 1024 MB
10,google,python,1024,europe-west1,1028,909,119,Google 1024 MB  , 1024 MB
10,google,python,1024,europe-west1,982,859,123,Google 1024 MB   , 1024 MB
10,google,python,1024,europe-west1,981,865,116,Google 1024 MB   , 1024 MB
10,google,python,1024,europe-west1,852,789,63,Google 1024 MB    , 1024 MB
10,google,python,1024,europe-west1,862,806,56,Google 1024 MB    , 1024 MB
10,google,python,1024,europe-west1,917,849,68,Google 1024 MB    , 1024 MB
10,google,python,1024,europe-west1,869,794,75,Google 1024 MB    , 1024 MB
10,google,python,1024,europe-west1,972,906,66,Google 1024 MB    , 1024 MB
10,google,python,1024,europe-west1,905,834,71,Google 1024 MB    , 1024 MB
10,google,python,1024,europe-west1,1114,1006,108,Google 1024 MB , 1024 MB
10,google,python,1024,europe-west1,973,866,107,Google 1024 MB   , 1024 MB
10,google,python,1024,europe-west1,977,869,108,Google 1024 MB   , 1024 MB
10,google,python,1024,europe-west1,953,892,61,Google 1024 MB    , 1024 MB
10,google,python,1024,europe-west1,1031,933,98,Google 1024 MB   , 1024 MB
10,google,python,1024,europe-west1,799,743,56,Google 1024 MB    , 1024 MB
10,google,python,1024,europe-west1,939,870,69,Google 1024 MB    , 1024 MB
10,google,python,1024,europe-west1,924,826,98,Google 1024 MB    , 1024 MB
10,google,python,1024,europe-west1,1058,987,71,Google 1024 MB   , 1024 MB
10,google,python,1024,europe-west1,1111,1000,111,Google 1024 MB , 1024 MB
10,google,python,1024,europe-west1,1135,1060,75,Google 1024 MB  , 1024 MB
10,google,python,1024,europe-west1,909,842,67,Google 1024 MB    , 1024 MB
10,google,python,1024,europe-west1,1042,977,65,Google 1024 MB   , 1024 MB
10,google,python,1024,europe-west1,1060,966,94,Google 1024 MB   , 1024 MB
10,google,python,1024,europe-west1,954,884,70,Google 1024 MB    , 1024 MB
10,google,python,1024,europe-west1,908,811,97,Google 1024 MB    , 1024 MB
10,google,python,1024,europe-west1,964,872,92,Google 1024 MB    , 1024 MB
10,google,python,1024,europe-west1,917,836,81,Google 1024 MB    , 1024 MB
10,google,python,1024,europe-west1,897,809,88,Google 1024 MB    , 1024 MB
10,google,python,1024,europe-west1,962,868,94,Google 1024 MB    , 1024 MB
10,google,python,1024,europe-west1,936,866,70,Google 1024 MB    , 1024 MB
10,google,python,1024,europe-west1,891,824,67,Google 1024 MB    , 1024 MB
10,google,python,1024,europe-west1,999,899,100,Google 1024 MB   , 1024 MB
10,google,python,1024,europe-west1,992,920,72,Google 1024 MB    , 1024 MB
10,google,python,1024,europe-west1,892,806,86,Google 1024 MB    , 1024 MB
10,google,python,1024,europe-west1,967,881,86,Google 1024 MB    , 1024 MB
10,google,python,1024,europe-west1,932,867,65,Google 1024 MB    , 1024 MB
10,google,python,1024,europe-west1,963,895,68,Google 1024 MB    , 1024 MB
10,google,python,1024,europe-west1,894,834,60,Google 1024 MB    , 1024 MB
11,google,python,2048,europe-west1,773,697,76,Google 2048 MB	, 2048 MB
11,google,python,2048,europe-west1,888,804,84,Google 2048 MB    , 2048 MB
11,google,python,2048,europe-west1,707,637,70,Google 2048 MB    , 2048 MB
11,google,python,2048,europe-west1,773,626,147,Google 2048 MB   , 2048 MB
11,google,python,2048,europe-west1,931,790,141,Google 2048 MB   , 2048 MB
11,google,python,2048,europe-west1,729,663,66,Google 2048 MB    , 2048 MB
11,google,python,2048,europe-west1,768,702,66,Google 2048 MB    , 2048 MB
11,google,python,2048,europe-west1,680,598,82,Google 2048 MB    , 2048 MB
11,google,python,2048,europe-west1,810,679,131,Google 2048 MB   , 2048 MB
11,google,python,2048,europe-west1,685,631,54,Google 2048 MB    , 2048 MB
11,google,python,2048,europe-west1,802,672,130,Google 2048 MB   , 2048 MB
11,google,python,2048,europe-west1,724,645,79,Google 2048 MB    , 2048 MB
11,google,python,2048,europe-west1,845,776,69,Google 2048 MB    , 2048 MB
11,google,python,2048,europe-west1,1064,933,131,Google 2048 MB  , 2048 MB
11,google,python,2048,europe-west1,607,534,73,Google 2048 MB    , 2048 MB
11,google,python,2048,europe-west1,854,732,122,Google 2048 MB   , 2048 MB
11,google,python,2048,europe-west1,777,653,124,Google 2048 MB   , 2048 MB
11,google,python,2048,europe-west1,674,613,61,Google 2048 MB    , 2048 MB
11,google,python,2048,europe-west1,744,677,67,Google 2048 MB    , 2048 MB
11,google,python,2048,europe-west1,775,645,130,Google 2048 MB   , 2048 MB
11,google,python,2048,europe-west1,708,626,82,Google 2048 MB    , 2048 MB
11,google,python,2048,europe-west1,1023,898,125,Google 2048 MB  , 2048 MB
11,google,python,2048,europe-west1,941,877,64,Google 2048 MB    , 2048 MB
11,google,python,2048,europe-west1,716,600,116,Google 2048 MB   , 2048 MB
11,google,python,2048,europe-west1,937,817,120,Google 2048 MB   , 2048 MB
11,google,python,2048,europe-west1,746,676,70,Google 2048 MB    , 2048 MB
11,google,python,2048,europe-west1,787,675,112,Google 2048 MB   , 2048 MB
11,google,python,2048,europe-west1,750,645,105,Google 2048 MB   , 2048 MB
11,google,python,2048,europe-west1,822,719,103,Google 2048 MB   , 2048 MB
11,google,python,2048,europe-west1,788,719,69,Google 2048 MB    , 2048 MB
11,google,python,2048,europe-west1,727,629,98,Google 2048 MB    , 2048 MB
11,google,python,2048,europe-west1,771,676,95,Google 2048 MB    , 2048 MB
11,google,python,2048,europe-west1,778,688,90,Google 2048 MB    , 2048 MB
11,google,python,2048,europe-west1,857,766,91,Google 2048 MB    , 2048 MB
11,google,python,2048,europe-west1,712,631,81,Google 2048 MB    , 2048 MB
11,google,python,2048,europe-west1,748,688,60,Google 2048 MB    , 2048 MB
11,google,python,2048,europe-west1,768,684,84,Google 2048 MB    , 2048 MB
11,google,python,2048,europe-west1,1105,1014,91,Google 2048 MB  , 2048 MB
11,google,python,2048,europe-west1,909,827,82,Google 2048 MB    , 2048 MB
11,google,python,2048,europe-west1,1027,931,96,Google 2048 MB   , 2048 MB
11,google,python,2048,europe-west1,1233,1153,80,Google 2048 MB  , 2048 MB
11,google,python,2048,europe-west1,878,791,87,Google 2048 MB    , 2048 MB
11,google,python,2048,europe-west1,788,720,68,Google 2048 MB    , 2048 MB
11,google,python,2048,europe-west1,782,704,78,Google 2048 MB    , 2048 MB
11,google,python,2048,europe-west1,743,681,62,Google 2048 MB    , 2048 MB
11,google,python,2048,europe-west1,755,669,86,Google 2048 MB    , 2048 MB
11,google,python,2048,europe-west1,837,774,63,Google 2048 MB    , 2048 MB
11,google,python,2048,europe-west1,837,671,166,Google 2048 MB   , 2048 MB
11,google,python,2048,europe-west1,747,689,58,Google 2048 MB    , 2048 MB
11,google,python,2048,europe-west1,955,889,66,Google 2048 MB    , 2048 MB
11,google,python,2048,europe-west1,980,821,159,Google 2048 MB   , 2048 MB
11,google,python,2048,europe-west1,684,624,60,Google 2048 MB    , 2048 MB
11,google,python,2048,europe-west1,745,683,62,Google 2048 MB    , 2048 MB
11,google,python,2048,europe-west1,726,654,72,Google 2048 MB    , 2048 MB
11,google,python,2048,europe-west1,879,735,144,Google 2048 MB   , 2048 MB
11,google,python,2048,europe-west1,681,619,62,Google 2048 MB    , 2048 MB
11,google,python,2048,europe-west1,897,760,137,Google 2048 MB   , 2048 MB
11,google,python,2048,europe-west1,775,716,59,Google 2048 MB    , 2048 MB
11,google,python,2048,europe-west1,846,768,78,Google 2048 MB    , 2048 MB
11,google,python,2048,europe-west1,1135,1054,81,Google 2048 MB  , 2048 MB
11,google,python,2048,europe-west1,1029,897,132,Google 2048 MB  , 2048 MB
11,google,python,2048,europe-west1,3976,1332,2644,Google 2048 MB, 2048 MB
11,google,python,2048,europe-west1,965,890,75,Google 2048 MB    , 2048 MB
11,google,python,2048,europe-west1,959,848,111,Google 2048 MB   , 2048 MB
11,google,python,2048,europe-west1,802,736,66,Google 2048 MB    , 2048 MB
11,google,python,2048,europe-west1,916,829,87,Google 2048 MB    , 2048 MB
11,google,python,2048,europe-west1,912,828,84,Google 2048 MB    , 2048 MB
11,google,python,2048,europe-west1,1137,1064,73,Google 2048 MB  , 2048 MB
11,google,python,2048,europe-west1,935,850,85,Google 2048 MB    , 2048 MB
11,google,python,2048,europe-west1,1025,925,100,Google 2048 MB  , 2048 MB
11,google,python,2048,europe-west1,1045,962,83,Google 2048 MB   , 2048 MB
11,google,python,2048,europe-west1,1267,1166,101,Google 2048 MB , 2048 MB
11,google,python,2048,europe-west1,1344,1275,69,Google 2048 MB  , 2048 MB
11,google,python,2048,europe-west1,1240,1152,88,Google 2048 MB  , 2048 MB
11,google,python,2048,europe-west1,1006,935,71,Google 2048 MB   , 2048 MB
11,google,python,2048,europe-west1,892,812,80,Google 2048 MB    , 2048 MB
11,google,python,2048,europe-west1,829,711,118,Google 2048 MB   , 2048 MB
11,google,python,2048,europe-west1,849,756,93,Google 2048 MB    , 2048 MB
11,google,python,2048,europe-west1,754,658,96,Google 2048 MB    , 2048 MB
11,google,python,2048,europe-west1,764,694,70,Google 2048 MB    , 2048 MB
11,google,python,2048,europe-west1,929,828,101,Google 2048 MB   , 2048 MB
11,google,python,2048,europe-west1,778,682,96,Google 2048 MB    , 2048 MB
11,google,python,2048,europe-west1,726,633,93,Google 2048 MB    , 2048 MB
11,google,python,2048,europe-west1,770,683,87,Google 2048 MB    , 2048 MB
11,google,python,2048,europe-west1,703,613,90,Google 2048 MB    , 2048 MB
11,google,python,2048,europe-west1,823,764,59,Google 2048 MB    , 2048 MB
11,google,python,2048,europe-west1,823,741,82,Google 2048 MB    , 2048 MB
11,google,python,2048,europe-west1,781,694,87,Google 2048 MB    , 2048 MB
11,google,python,2048,europe-west1,782,706,76,Google 2048 MB    , 2048 MB
11,google,python,2048,europe-west1,794,716,78,Google 2048 MB    , 2048 MB
11,google,python,2048,europe-west1,922,854,68,Google 2048 MB    , 2048 MB
11,google,python,2048,europe-west1,711,640,71,Google 2048 MB    , 2048 MB
11,google,python,2048,europe-west1,749,687,62,Google 2048 MB    , 2048 MB
11,google,python,2048,europe-west1,813,729,84,Google 2048 MB    , 2048 MB
11,google,python,2048,europe-west1,696,641,55,Google 2048 MB    , 2048 MB
11,google,python,2048,europe-west1,801,664,137,Google 2048 MB   , 2048 MB
11,google,python,2048,europe-west1,742,674,68,Google 2048 MB    , 2048 MB
11,google,python,2048,europe-west1,839,680,159,Google 2048 MB   , 2048 MB
11,google,python,2048,europe-west1,731,667,64,Google 2048 MB    , 2048 MB
11,google,python,2048,europe-west1,1524,1382,142,Google 2048 MB , 2048 MB
