12,ibm,python,128,eu-de,943,680,263,IBM 128 MB
12,ibm,python,128,eu-de,803,680,123,IBM 128 MB
12,ibm,python,128,eu-de,840,675,165,IBM 128 MB
12,ibm,python,128,eu-de,855,677,178,IBM 128 MB
12,ibm,python,128,eu-de,873,679,194,IBM 128 MB
12,ibm,python,128,eu-de,839,674,165,IBM 128 MB
12,ibm,python,128,eu-de,858,697,161,IBM 128 MB
12,ibm,python,128,eu-de,859,681,178,IBM 128 MB
12,ibm,python,128,eu-de,858,681,177,IBM 128 MB
12,ibm,python,128,eu-de,867,677,190,IBM 128 MB
12,ibm,python,128,eu-de,830,673,157,IBM 128 MB
12,ibm,python,128,eu-de,852,676,176,IBM 128 MB
12,ibm,python,128,eu-de,847,672,175,IBM 128 MB
12,ibm,python,128,eu-de,851,686,165,IBM 128 MB
12,ibm,python,128,eu-de,849,671,178,IBM 128 MB
12,ibm,python,128,eu-de,850,685,165,IBM 128 MB
12,ibm,python,128,eu-de,854,688,166,IBM 128 MB
12,ibm,python,128,eu-de,870,682,188,IBM 128 MB
12,ibm,python,128,eu-de,866,674,192,IBM 128 MB
12,ibm,python,128,eu-de,867,682,185,IBM 128 MB
12,ibm,python,128,eu-de,855,680,175,IBM 128 MB
12,ibm,python,128,eu-de,866,695,171,IBM 128 MB
12,ibm,python,128,eu-de,784,678,106,IBM 128 MB
12,ibm,python,128,eu-de,850,679,171,IBM 128 MB
12,ibm,python,128,eu-de,837,676,161,IBM 128 MB
12,ibm,python,128,eu-de,851,679,172,IBM 128 MB
12,ibm,python,128,eu-de,848,673,175,IBM 128 MB
12,ibm,python,128,eu-de,863,690,173,IBM 128 MB
12,ibm,python,128,eu-de,857,676,181,IBM 128 MB
12,ibm,python,128,eu-de,775,679,96,IBM 128 MB
12,ibm,python,128,eu-de,844,674,170,IBM 128 MB
12,ibm,python,128,eu-de,850,677,173,IBM 128 MB
12,ibm,python,128,eu-de,851,677,174,IBM 128 MB
12,ibm,python,128,eu-de,845,679,166,IBM 128 MB
12,ibm,python,128,eu-de,868,680,188,IBM 128 MB
12,ibm,python,128,eu-de,1072,684,388,IBM 128 MB
12,ibm,python,128,eu-de,848,684,164,IBM 128 MB
12,ibm,python,128,eu-de,857,677,180,IBM 128 MB
12,ibm,python,128,eu-de,871,678,193,IBM 128 MB
12,ibm,python,128,eu-de,852,675,177,IBM 128 MB
12,ibm,python,128,eu-de,836,678,158,IBM 128 MB
12,ibm,python,128,eu-de,859,685,174,IBM 128 MB
12,ibm,python,128,eu-de,834,675,159,IBM 128 MB
12,ibm,python,128,eu-de,832,671,161,IBM 128 MB
12,ibm,python,128,eu-de,852,680,172,IBM 128 MB
12,ibm,python,128,eu-de,852,676,176,IBM 128 MB
12,ibm,python,128,eu-de,846,676,170,IBM 128 MB
12,ibm,python,128,eu-de,777,676,101,IBM 128 MB
12,ibm,python,128,eu-de,876,677,199,IBM 128 MB
12,ibm,python,128,eu-de,831,672,159,IBM 128 MB
12,ibm,python,128,eu-de,834,674,160,IBM 128 MB
12,ibm,python,128,eu-de,838,674,164,IBM 128 MB
12,ibm,python,128,eu-de,863,680,183,IBM 128 MB
12,ibm,python,128,eu-de,854,681,173,IBM 128 MB
12,ibm,python,128,eu-de,819,679,140,IBM 128 MB
12,ibm,python,128,eu-de,838,682,156,IBM 128 MB
12,ibm,python,128,eu-de,798,675,123,IBM 128 MB
12,ibm,python,128,eu-de,857,680,177,IBM 128 MB
12,ibm,python,128,eu-de,856,674,182,IBM 128 MB
12,ibm,python,128,eu-de,846,681,165,IBM 128 MB
12,ibm,python,128,eu-de,1250,678,572,IBM 128 MB
12,ibm,python,128,eu-de,850,684,166,IBM 128 MB
12,ibm,python,128,eu-de,853,677,176,IBM 128 MB
12,ibm,python,128,eu-de,832,682,150,IBM 128 MB
12,ibm,python,128,eu-de,849,679,170,IBM 128 MB
12,ibm,python,128,eu-de,1015,675,340,IBM 128 MB
12,ibm,python,128,eu-de,831,676,155,IBM 128 MB
12,ibm,python,128,eu-de,797,671,126,IBM 128 MB
12,ibm,python,128,eu-de,831,671,160,IBM 128 MB
12,ibm,python,128,eu-de,865,673,192,IBM 128 MB
12,ibm,python,128,eu-de,973,674,299,IBM 128 MB
12,ibm,python,128,eu-de,832,681,151,IBM 128 MB
12,ibm,python,128,eu-de,835,679,156,IBM 128 MB
12,ibm,python,128,eu-de,791,670,121,IBM 128 MB
12,ibm,python,128,eu-de,853,677,176,IBM 128 MB
12,ibm,python,128,eu-de,842,673,169,IBM 128 MB
12,ibm,python,128,eu-de,910,675,235,IBM 128 MB
12,ibm,python,128,eu-de,1261,679,582,IBM 128 MB
12,ibm,python,128,eu-de,869,673,196,IBM 128 MB
12,ibm,python,128,eu-de,865,675,190,IBM 128 MB
12,ibm,python,128,eu-de,1199,680,519,IBM 128 MB
12,ibm,python,128,eu-de,873,672,201,IBM 128 MB
12,ibm,python,128,eu-de,831,672,159,IBM 128 MB
12,ibm,python,128,eu-de,823,678,145,IBM 128 MB
12,ibm,python,128,eu-de,840,678,162,IBM 128 MB
12,ibm,python,128,eu-de,845,678,167,IBM 128 MB
12,ibm,python,128,eu-de,823,679,144,IBM 128 MB
12,ibm,python,128,eu-de,844,674,170,IBM 128 MB
12,ibm,python,128,eu-de,847,676,171,IBM 128 MB
12,ibm,python,128,eu-de,1668,597,1071,IBM 128 MB
12,ibm,python,128,eu-de,844,602,242,IBM 128 MB
12,ibm,python,128,eu-de,785,588,197,IBM 128 MB
12,ibm,python,128,eu-de,831,590,241,IBM 128 MB
12,ibm,python,128,eu-de,778,597,181,IBM 128 MB
12,ibm,python,128,eu-de,776,605,171,IBM 128 MB
12,ibm,python,128,eu-de,748,589,159,IBM 128 MB
12,ibm,python,128,eu-de,687,587,100,IBM 128 MB
12,ibm,python,128,eu-de,782,593,189,IBM 128 MB
12,ibm,python,128,eu-de,771,591,180,IBM 128 MB
12,ibm,python,128,eu-de,704,584,120,IBM 128 MB
13,ibm,python,256,eu-de,839,588,251,IBM 256 MB
13,ibm,python,256,eu-de,816,595,221,IBM 256 MB
13,ibm,python,256,eu-de,769,604,165,IBM 256 MB
13,ibm,python,256,eu-de,768,587,181,IBM 256 MB
13,ibm,python,256,eu-de,846,588,258,IBM 256 MB
13,ibm,python,256,eu-de,741,584,157,IBM 256 MB
13,ibm,python,256,eu-de,747,594,153,IBM 256 MB
13,ibm,python,256,eu-de,822,589,233,IBM 256 MB
13,ibm,python,256,eu-de,764,594,170,IBM 256 MB
13,ibm,python,256,eu-de,737,588,149,IBM 256 MB
13,ibm,python,256,eu-de,761,596,165,IBM 256 MB
13,ibm,python,256,eu-de,749,590,159,IBM 256 MB
13,ibm,python,256,eu-de,752,595,157,IBM 256 MB
13,ibm,python,256,eu-de,896,658,238,IBM 256 MB
13,ibm,python,256,eu-de,742,592,150,IBM 256 MB
13,ibm,python,256,eu-de,756,587,169,IBM 256 MB
13,ibm,python,256,eu-de,1110,604,506,IBM 256 MB
13,ibm,python,256,eu-de,1084,591,493,IBM 256 MB
13,ibm,python,256,eu-de,752,600,152,IBM 256 MB
13,ibm,python,256,eu-de,1237,586,651,IBM 256 MB
13,ibm,python,256,eu-de,763,585,178,IBM 256 MB
13,ibm,python,256,eu-de,763,590,173,IBM 256 MB
13,ibm,python,256,eu-de,756,583,173,IBM 256 MB
13,ibm,python,256,eu-de,732,587,145,IBM 256 MB
13,ibm,python,256,eu-de,736,589,147,IBM 256 MB
13,ibm,python,256,eu-de,838,641,197,IBM 256 MB
13,ibm,python,256,eu-de,774,592,182,IBM 256 MB
13,ibm,python,256,eu-de,756,582,174,IBM 256 MB
13,ibm,python,256,eu-de,785,583,202,IBM 256 MB
13,ibm,python,256,eu-de,732,586,146,IBM 256 MB
13,ibm,python,256,eu-de,742,586,156,IBM 256 MB
13,ibm,python,256,eu-de,889,584,305,IBM 256 MB
13,ibm,python,256,eu-de,771,595,176,IBM 256 MB
13,ibm,python,256,eu-de,737,584,153,IBM 256 MB
13,ibm,python,256,eu-de,746,586,160,IBM 256 MB
13,ibm,python,256,eu-de,756,592,164,IBM 256 MB
13,ibm,python,256,eu-de,741,584,157,IBM 256 MB
13,ibm,python,256,eu-de,812,611,201,IBM 256 MB
13,ibm,python,256,eu-de,785,603,182,IBM 256 MB
13,ibm,python,256,eu-de,760,596,164,IBM 256 MB
13,ibm,python,256,eu-de,755,595,160,IBM 256 MB
13,ibm,python,256,eu-de,760,613,147,IBM 256 MB
13,ibm,python,256,eu-de,743,587,156,IBM 256 MB
13,ibm,python,256,eu-de,811,602,209,IBM 256 MB
13,ibm,python,256,eu-de,963,590,373,IBM 256 MB
13,ibm,python,256,eu-de,744,587,157,IBM 256 MB
13,ibm,python,256,eu-de,836,598,238,IBM 256 MB
13,ibm,python,256,eu-de,746,579,167,IBM 256 MB
13,ibm,python,256,eu-de,739,586,153,IBM 256 MB
13,ibm,python,256,eu-de,745,590,155,IBM 256 MB
13,ibm,python,256,eu-de,735,587,148,IBM 256 MB
13,ibm,python,256,eu-de,741,586,155,IBM 256 MB
13,ibm,python,256,eu-de,752,591,161,IBM 256 MB
13,ibm,python,256,eu-de,763,588,175,IBM 256 MB
13,ibm,python,256,eu-de,788,590,198,IBM 256 MB
13,ibm,python,256,eu-de,683,581,102,IBM 256 MB
13,ibm,python,256,eu-de,691,588,103,IBM 256 MB
13,ibm,python,256,eu-de,765,588,177,IBM 256 MB
13,ibm,python,256,eu-de,747,586,161,IBM 256 MB
13,ibm,python,256,eu-de,726,581,145,IBM 256 MB
13,ibm,python,256,eu-de,747,580,167,IBM 256 MB
13,ibm,python,256,eu-de,743,590,153,IBM 256 MB
13,ibm,python,256,eu-de,766,585,181,IBM 256 MB
13,ibm,python,256,eu-de,690,587,103,IBM 256 MB
13,ibm,python,256,eu-de,729,583,146,IBM 256 MB
13,ibm,python,256,eu-de,740,583,157,IBM 256 MB
13,ibm,python,256,eu-de,727,581,146,IBM 256 MB
13,ibm,python,256,eu-de,822,593,229,IBM 256 MB
13,ibm,python,256,eu-de,748,589,159,IBM 256 MB
13,ibm,python,256,eu-de,722,582,140,IBM 256 MB
13,ibm,python,256,eu-de,733,583,150,IBM 256 MB
13,ibm,python,256,eu-de,739,582,157,IBM 256 MB
13,ibm,python,256,eu-de,735,583,152,IBM 256 MB
13,ibm,python,256,eu-de,759,587,172,IBM 256 MB
13,ibm,python,256,eu-de,742,589,153,IBM 256 MB
13,ibm,python,256,eu-de,806,585,221,IBM 256 MB
13,ibm,python,256,eu-de,744,585,159,IBM 256 MB
13,ibm,python,256,eu-de,777,586,191,IBM 256 MB
13,ibm,python,256,eu-de,734,587,147,IBM 256 MB
13,ibm,python,256,eu-de,745,583,162,IBM 256 MB
13,ibm,python,256,eu-de,776,594,182,IBM 256 MB
13,ibm,python,256,eu-de,756,587,169,IBM 256 MB
13,ibm,python,256,eu-de,748,595,153,IBM 256 MB
13,ibm,python,256,eu-de,761,588,173,IBM 256 MB
13,ibm,python,256,eu-de,762,584,178,IBM 256 MB
13,ibm,python,256,eu-de,757,587,170,IBM 256 MB
13,ibm,python,256,eu-de,751,590,161,IBM 256 MB
13,ibm,python,256,eu-de,754,592,162,IBM 256 MB
13,ibm,python,256,eu-de,756,589,167,IBM 256 MB
13,ibm,python,256,eu-de,766,586,180,IBM 256 MB
13,ibm,python,256,eu-de,680,580,100,IBM 256 MB
13,ibm,python,256,eu-de,738,583,155,IBM 256 MB
13,ibm,python,256,eu-de,686,580,106,IBM 256 MB
13,ibm,python,256,eu-de,736,592,144,IBM 256 MB
13,ibm,python,256,eu-de,775,593,182,IBM 256 MB
13,ibm,python,256,eu-de,1095,594,501,IBM 256 MB
13,ibm,python,256,eu-de,814,663,151,IBM 256 MB
13,ibm,python,256,eu-de,750,594,156,IBM 256 MB
13,ibm,python,256,eu-de,860,589,271,IBM 256 MB
13,ibm,python,256,eu-de,736,589,147,IBM 256 MB
14,ibm,python,512,eu-de,783,588,195,IBM 512 MB
14,ibm,python,512,eu-de,819,591,228,IBM 512 MB
14,ibm,python,512,eu-de,713,599,114,IBM 512 MB
14,ibm,python,512,eu-de,912,626,286,IBM 512 MB
14,ibm,python,512,eu-de,763,598,165,IBM 512 MB
14,ibm,python,512,eu-de,810,590,220,IBM 512 MB
14,ibm,python,512,eu-de,768,596,172,IBM 512 MB
14,ibm,python,512,eu-de,749,588,161,IBM 512 MB
14,ibm,python,512,eu-de,727,586,141,IBM 512 MB
14,ibm,python,512,eu-de,759,591,168,IBM 512 MB
14,ibm,python,512,eu-de,731,591,140,IBM 512 MB
14,ibm,python,512,eu-de,737,585,152,IBM 512 MB
14,ibm,python,512,eu-de,699,586,113,IBM 512 MB
14,ibm,python,512,eu-de,747,587,160,IBM 512 MB
14,ibm,python,512,eu-de,728,587,141,IBM 512 MB
14,ibm,python,512,eu-de,1017,676,341,IBM 512 MB
14,ibm,python,512,eu-de,763,613,150,IBM 512 MB
14,ibm,python,512,eu-de,831,588,243,IBM 512 MB
14,ibm,python,512,eu-de,781,581,200,IBM 512 MB
14,ibm,python,512,eu-de,749,593,156,IBM 512 MB
14,ibm,python,512,eu-de,739,584,155,IBM 512 MB
14,ibm,python,512,eu-de,735,587,148,IBM 512 MB
14,ibm,python,512,eu-de,753,593,160,IBM 512 MB
14,ibm,python,512,eu-de,752,594,158,IBM 512 MB
14,ibm,python,512,eu-de,738,593,145,IBM 512 MB
14,ibm,python,512,eu-de,733,586,147,IBM 512 MB
14,ibm,python,512,eu-de,794,595,199,IBM 512 MB
14,ibm,python,512,eu-de,822,626,196,IBM 512 MB
14,ibm,python,512,eu-de,899,606,293,IBM 512 MB
14,ibm,python,512,eu-de,761,590,171,IBM 512 MB
14,ibm,python,512,eu-de,771,586,185,IBM 512 MB
14,ibm,python,512,eu-de,755,597,158,IBM 512 MB
14,ibm,python,512,eu-de,766,585,181,IBM 512 MB
14,ibm,python,512,eu-de,766,584,182,IBM 512 MB
14,ibm,python,512,eu-de,744,593,151,IBM 512 MB
14,ibm,python,512,eu-de,733,591,142,IBM 512 MB
14,ibm,python,512,eu-de,745,588,157,IBM 512 MB
14,ibm,python,512,eu-de,740,591,149,IBM 512 MB
14,ibm,python,512,eu-de,728,583,145,IBM 512 MB
14,ibm,python,512,eu-de,923,671,252,IBM 512 MB
14,ibm,python,512,eu-de,753,602,151,IBM 512 MB
14,ibm,python,512,eu-de,777,597,180,IBM 512 MB
14,ibm,python,512,eu-de,746,593,153,IBM 512 MB
14,ibm,python,512,eu-de,761,591,170,IBM 512 MB
14,ibm,python,512,eu-de,778,593,185,IBM 512 MB
14,ibm,python,512,eu-de,746,589,157,IBM 512 MB
14,ibm,python,512,eu-de,705,588,117,IBM 512 MB
14,ibm,python,512,eu-de,757,588,169,IBM 512 MB
14,ibm,python,512,eu-de,696,587,109,IBM 512 MB
14,ibm,python,512,eu-de,870,588,282,IBM 512 MB
14,ibm,python,512,eu-de,852,581,271,IBM 512 MB
14,ibm,python,512,eu-de,889,632,257,IBM 512 MB
14,ibm,python,512,eu-de,913,593,320,IBM 512 MB
14,ibm,python,512,eu-de,829,592,237,IBM 512 MB
14,ibm,python,512,eu-de,805,586,219,IBM 512 MB
14,ibm,python,512,eu-de,695,595,100,IBM 512 MB
14,ibm,python,512,eu-de,950,586,364,IBM 512 MB
14,ibm,python,512,eu-de,831,586,245,IBM 512 MB
14,ibm,python,512,eu-de,744,584,160,IBM 512 MB
14,ibm,python,512,eu-de,746,588,158,IBM 512 MB
14,ibm,python,512,eu-de,698,588,110,IBM 512 MB
14,ibm,python,512,eu-de,756,591,165,IBM 512 MB
14,ibm,python,512,eu-de,769,585,184,IBM 512 MB
14,ibm,python,512,eu-de,794,615,179,IBM 512 MB
14,ibm,python,512,eu-de,774,600,174,IBM 512 MB
14,ibm,python,512,eu-de,741,592,149,IBM 512 MB
14,ibm,python,512,eu-de,780,585,195,IBM 512 MB
14,ibm,python,512,eu-de,767,596,171,IBM 512 MB
14,ibm,python,512,eu-de,741,588,153,IBM 512 MB
14,ibm,python,512,eu-de,771,598,173,IBM 512 MB
14,ibm,python,512,eu-de,673,583,90,IBM 512 MB
14,ibm,python,512,eu-de,753,595,158,IBM 512 MB
14,ibm,python,512,eu-de,938,585,353,IBM 512 MB
14,ibm,python,512,eu-de,729,587,142,IBM 512 MB
14,ibm,python,512,eu-de,753,577,176,IBM 512 MB
14,ibm,python,512,eu-de,714,598,116,IBM 512 MB
14,ibm,python,512,eu-de,766,592,174,IBM 512 MB
14,ibm,python,512,eu-de,772,602,170,IBM 512 MB
14,ibm,python,512,eu-de,1171,591,580,IBM 512 MB
14,ibm,python,512,eu-de,752,586,166,IBM 512 MB
14,ibm,python,512,eu-de,1022,586,436,IBM 512 MB
14,ibm,python,512,eu-de,684,589,95,IBM 512 MB
14,ibm,python,512,eu-de,754,586,168,IBM 512 MB
14,ibm,python,512,eu-de,725,600,125,IBM 512 MB
14,ibm,python,512,eu-de,698,589,109,IBM 512 MB
14,ibm,python,512,eu-de,685,588,97,IBM 512 MB
14,ibm,python,512,eu-de,725,584,141,IBM 512 MB
14,ibm,python,512,eu-de,749,585,164,IBM 512 MB
14,ibm,python,512,eu-de,831,596,235,IBM 512 MB
14,ibm,python,512,eu-de,768,589,179,IBM 512 MB
14,ibm,python,512,eu-de,718,581,137,IBM 512 MB
14,ibm,python,512,eu-de,758,589,169,IBM 512 MB
14,ibm,python,512,eu-de,754,586,168,IBM 512 MB
14,ibm,python,512,eu-de,749,582,167,IBM 512 MB
14,ibm,python,512,eu-de,755,589,166,IBM 512 MB
14,ibm,python,512,eu-de,744,592,152,IBM 512 MB
14,ibm,python,512,eu-de,745,587,158,IBM 512 MB
14,ibm,python,512,eu-de,711,595,116,IBM 512 MB
14,ibm,python,512,eu-de,743,590,153,IBM 512 MB
14,ibm,python,512,eu-de,714,590,124,IBM 512 MB
15,ibm,python,1024,eu-de,1064,624,440,IBM 1024 MB
15,ibm,python,1024,eu-de,752,624,128,IBM 1024 MB
15,ibm,python,1024,eu-de,1318,598,720,IBM 1024 MB
15,ibm,python,1024,eu-de,705,596,109,IBM 1024 MB
15,ibm,python,1024,eu-de,745,600,145,IBM 1024 MB
15,ibm,python,1024,eu-de,753,603,150,IBM 1024 MB
15,ibm,python,1024,eu-de,702,605,97,IBM 1024 MB
15,ibm,python,1024,eu-de,774,604,170,IBM 1024 MB
15,ibm,python,1024,eu-de,844,599,245,IBM 1024 MB
15,ibm,python,1024,eu-de,760,598,162,IBM 1024 MB
15,ibm,python,1024,eu-de,757,609,148,IBM 1024 MB
15,ibm,python,1024,eu-de,844,608,236,IBM 1024 MB
15,ibm,python,1024,eu-de,766,606,160,IBM 1024 MB
15,ibm,python,1024,eu-de,786,603,183,IBM 1024 MB
15,ibm,python,1024,eu-de,840,614,226,IBM 1024 MB
15,ibm,python,1024,eu-de,752,600,152,IBM 1024 MB
15,ibm,python,1024,eu-de,748,603,145,IBM 1024 MB
15,ibm,python,1024,eu-de,789,600,189,IBM 1024 MB
15,ibm,python,1024,eu-de,758,598,160,IBM 1024 MB
15,ibm,python,1024,eu-de,751,598,153,IBM 1024 MB
15,ibm,python,1024,eu-de,768,604,164,IBM 1024 MB
15,ibm,python,1024,eu-de,745,604,141,IBM 1024 MB
15,ibm,python,1024,eu-de,751,593,158,IBM 1024 MB
15,ibm,python,1024,eu-de,945,625,320,IBM 1024 MB
15,ibm,python,1024,eu-de,760,601,159,IBM 1024 MB
15,ibm,python,1024,eu-de,737,599,138,IBM 1024 MB
15,ibm,python,1024,eu-de,756,606,150,IBM 1024 MB
15,ibm,python,1024,eu-de,771,604,167,IBM 1024 MB
15,ibm,python,1024,eu-de,771,601,170,IBM 1024 MB
15,ibm,python,1024,eu-de,691,601,90,IBM 1024 MB
15,ibm,python,1024,eu-de,748,599,149,IBM 1024 MB
15,ibm,python,1024,eu-de,759,607,152,IBM 1024 MB
15,ibm,python,1024,eu-de,757,602,155,IBM 1024 MB
15,ibm,python,1024,eu-de,747,600,147,IBM 1024 MB
15,ibm,python,1024,eu-de,752,602,150,IBM 1024 MB
15,ibm,python,1024,eu-de,912,630,282,IBM 1024 MB
15,ibm,python,1024,eu-de,757,598,159,IBM 1024 MB
15,ibm,python,1024,eu-de,764,600,164,IBM 1024 MB
15,ibm,python,1024,eu-de,692,595,97,IBM 1024 MB
15,ibm,python,1024,eu-de,750,599,151,IBM 1024 MB
15,ibm,python,1024,eu-de,752,609,143,IBM 1024 MB
15,ibm,python,1024,eu-de,753,596,157,IBM 1024 MB
15,ibm,python,1024,eu-de,769,611,158,IBM 1024 MB
15,ibm,python,1024,eu-de,740,596,144,IBM 1024 MB
15,ibm,python,1024,eu-de,769,601,168,IBM 1024 MB
15,ibm,python,1024,eu-de,799,600,199,IBM 1024 MB
15,ibm,python,1024,eu-de,766,594,172,IBM 1024 MB
15,ibm,python,1024,eu-de,861,640,221,IBM 1024 MB
15,ibm,python,1024,eu-de,798,607,191,IBM 1024 MB
15,ibm,python,1024,eu-de,782,598,184,IBM 1024 MB
15,ibm,python,1024,eu-de,1076,597,479,IBM 1024 MB
15,ibm,python,1024,eu-de,691,598,93,IBM 1024 MB
15,ibm,python,1024,eu-de,762,596,166,IBM 1024 MB
15,ibm,python,1024,eu-de,706,600,106,IBM 1024 MB
15,ibm,python,1024,eu-de,761,609,152,IBM 1024 MB
15,ibm,python,1024,eu-de,1014,608,406,IBM 1024 MB
15,ibm,python,1024,eu-de,743,597,146,IBM 1024 MB
15,ibm,python,1024,eu-de,763,600,163,IBM 1024 MB
15,ibm,python,1024,eu-de,754,610,144,IBM 1024 MB
15,ibm,python,1024,eu-de,859,607,252,IBM 1024 MB
15,ibm,python,1024,eu-de,743,597,146,IBM 1024 MB
15,ibm,python,1024,eu-de,764,606,158,IBM 1024 MB
15,ibm,python,1024,eu-de,747,594,153,IBM 1024 MB
15,ibm,python,1024,eu-de,749,597,152,IBM 1024 MB
15,ibm,python,1024,eu-de,748,595,153,IBM 1024 MB
15,ibm,python,1024,eu-de,881,597,284,IBM 1024 MB
15,ibm,python,1024,eu-de,757,598,159,IBM 1024 MB
15,ibm,python,1024,eu-de,773,605,168,IBM 1024 MB
15,ibm,python,1024,eu-de,753,599,154,IBM 1024 MB
15,ibm,python,1024,eu-de,750,598,152,IBM 1024 MB
15,ibm,python,1024,eu-de,766,602,164,IBM 1024 MB
15,ibm,python,1024,eu-de,923,609,314,IBM 1024 MB
15,ibm,python,1024,eu-de,1243,610,633,IBM 1024 MB
15,ibm,python,1024,eu-de,761,602,159,IBM 1024 MB
15,ibm,python,1024,eu-de,794,599,195,IBM 1024 MB
15,ibm,python,1024,eu-de,752,600,152,IBM 1024 MB
15,ibm,python,1024,eu-de,754,601,153,IBM 1024 MB
15,ibm,python,1024,eu-de,787,600,187,IBM 1024 MB
15,ibm,python,1024,eu-de,823,599,224,IBM 1024 MB
15,ibm,python,1024,eu-de,762,609,153,IBM 1024 MB
15,ibm,python,1024,eu-de,702,598,104,IBM 1024 MB
15,ibm,python,1024,eu-de,782,600,182,IBM 1024 MB
15,ibm,python,1024,eu-de,747,603,144,IBM 1024 MB
15,ibm,python,1024,eu-de,929,626,303,IBM 1024 MB
15,ibm,python,1024,eu-de,784,611,173,IBM 1024 MB
15,ibm,python,1024,eu-de,769,605,164,IBM 1024 MB
15,ibm,python,1024,eu-de,1290,597,693,IBM 1024 MB
15,ibm,python,1024,eu-de,803,607,196,IBM 1024 MB
15,ibm,python,1024,eu-de,842,598,244,IBM 1024 MB
15,ibm,python,1024,eu-de,739,599,140,IBM 1024 MB
15,ibm,python,1024,eu-de,784,598,186,IBM 1024 MB
15,ibm,python,1024,eu-de,818,598,220,IBM 1024 MB
15,ibm,python,1024,eu-de,803,598,205,IBM 1024 MB
15,ibm,python,1024,eu-de,709,608,101,IBM 1024 MB
15,ibm,python,1024,eu-de,712,618,94,IBM 1024 MB
15,ibm,python,1024,eu-de,880,652,228,IBM 1024 MB
15,ibm,python,1024,eu-de,775,607,168,IBM 1024 MB
15,ibm,python,1024,eu-de,986,605,381,IBM 1024 MB
15,ibm,python,1024,eu-de,776,606,170,IBM 1024 MB
15,ibm,python,1024,eu-de,759,598,161,IBM 1024 MB
16,ibm,python,2048,eu-de,769,591,178,IBM 2048 MB
16,ibm,python,2048,eu-de,894,600,294,IBM 2048 MB
16,ibm,python,2048,eu-de,772,591,181,IBM 2048 MB
16,ibm,python,2048,eu-de,789,594,195,IBM 2048 MB
16,ibm,python,2048,eu-de,793,598,195,IBM 2048 MB
16,ibm,python,2048,eu-de,748,605,143,IBM 2048 MB
16,ibm,python,2048,eu-de,742,592,150,IBM 2048 MB
16,ibm,python,2048,eu-de,764,590,174,IBM 2048 MB
16,ibm,python,2048,eu-de,766,592,174,IBM 2048 MB
16,ibm,python,2048,eu-de,748,597,151,IBM 2048 MB
16,ibm,python,2048,eu-de,744,591,153,IBM 2048 MB
16,ibm,python,2048,eu-de,794,604,190,IBM 2048 MB
16,ibm,python,2048,eu-de,743,599,144,IBM 2048 MB
16,ibm,python,2048,eu-de,1074,717,357,IBM 2048 MB
16,ibm,python,2048,eu-de,752,604,148,IBM 2048 MB
16,ibm,python,2048,eu-de,705,602,103,IBM 2048 MB
16,ibm,python,2048,eu-de,735,595,140,IBM 2048 MB
16,ibm,python,2048,eu-de,755,602,153,IBM 2048 MB
16,ibm,python,2048,eu-de,756,597,159,IBM 2048 MB
16,ibm,python,2048,eu-de,804,602,202,IBM 2048 MB
16,ibm,python,2048,eu-de,766,591,175,IBM 2048 MB
16,ibm,python,2048,eu-de,746,598,148,IBM 2048 MB
16,ibm,python,2048,eu-de,741,592,149,IBM 2048 MB
16,ibm,python,2048,eu-de,760,597,163,IBM 2048 MB
16,ibm,python,2048,eu-de,733,590,143,IBM 2048 MB
16,ibm,python,2048,eu-de,1056,695,361,IBM 2048 MB
16,ibm,python,2048,eu-de,802,594,208,IBM 2048 MB
16,ibm,python,2048,eu-de,750,595,155,IBM 2048 MB
16,ibm,python,2048,eu-de,753,591,162,IBM 2048 MB
16,ibm,python,2048,eu-de,776,601,175,IBM 2048 MB
16,ibm,python,2048,eu-de,757,599,158,IBM 2048 MB
16,ibm,python,2048,eu-de,754,598,156,IBM 2048 MB
16,ibm,python,2048,eu-de,766,593,173,IBM 2048 MB
16,ibm,python,2048,eu-de,752,594,158,IBM 2048 MB
16,ibm,python,2048,eu-de,735,587,148,IBM 2048 MB
16,ibm,python,2048,eu-de,756,600,156,IBM 2048 MB
16,ibm,python,2048,eu-de,775,590,185,IBM 2048 MB
16,ibm,python,2048,eu-de,908,642,266,IBM 2048 MB
16,ibm,python,2048,eu-de,743,598,145,IBM 2048 MB
16,ibm,python,2048,eu-de,751,600,151,IBM 2048 MB
16,ibm,python,2048,eu-de,759,591,168,IBM 2048 MB
16,ibm,python,2048,eu-de,744,599,145,IBM 2048 MB
16,ibm,python,2048,eu-de,751,589,162,IBM 2048 MB
16,ibm,python,2048,eu-de,811,593,218,IBM 2048 MB
16,ibm,python,2048,eu-de,751,592,159,IBM 2048 MB
16,ibm,python,2048,eu-de,818,594,224,IBM 2048 MB
16,ibm,python,2048,eu-de,749,591,158,IBM 2048 MB
16,ibm,python,2048,eu-de,767,604,163,IBM 2048 MB
16,ibm,python,2048,eu-de,691,591,100,IBM 2048 MB
16,ibm,python,2048,eu-de,908,596,312,IBM 2048 MB
16,ibm,python,2048,eu-de,948,599,349,IBM 2048 MB
16,ibm,python,2048,eu-de,758,592,166,IBM 2048 MB
16,ibm,python,2048,eu-de,686,595,91,IBM 2048 MB
16,ibm,python,2048,eu-de,767,606,161,IBM 2048 MB
16,ibm,python,2048,eu-de,771,593,178,IBM 2048 MB
16,ibm,python,2048,eu-de,742,590,152,IBM 2048 MB
16,ibm,python,2048,eu-de,791,595,196,IBM 2048 MB
16,ibm,python,2048,eu-de,762,597,165,IBM 2048 MB
16,ibm,python,2048,eu-de,765,597,168,IBM 2048 MB
16,ibm,python,2048,eu-de,737,597,140,IBM 2048 MB
16,ibm,python,2048,eu-de,734,593,141,IBM 2048 MB
16,ibm,python,2048,eu-de,1462,693,769,IBM 2048 MB
16,ibm,python,2048,eu-de,768,592,176,IBM 2048 MB
16,ibm,python,2048,eu-de,817,607,210,IBM 2048 MB
16,ibm,python,2048,eu-de,746,592,154,IBM 2048 MB
16,ibm,python,2048,eu-de,788,595,193,IBM 2048 MB
16,ibm,python,2048,eu-de,750,592,158,IBM 2048 MB
16,ibm,python,2048,eu-de,770,590,180,IBM 2048 MB
16,ibm,python,2048,eu-de,706,594,112,IBM 2048 MB
16,ibm,python,2048,eu-de,750,594,156,IBM 2048 MB
16,ibm,python,2048,eu-de,763,598,165,IBM 2048 MB
16,ibm,python,2048,eu-de,764,600,164,IBM 2048 MB
16,ibm,python,2048,eu-de,746,593,153,IBM 2048 MB
16,ibm,python,2048,eu-de,1100,727,373,IBM 2048 MB
16,ibm,python,2048,eu-de,750,590,160,IBM 2048 MB
16,ibm,python,2048,eu-de,750,603,147,IBM 2048 MB
16,ibm,python,2048,eu-de,764,594,170,IBM 2048 MB
16,ibm,python,2048,eu-de,769,611,158,IBM 2048 MB
16,ibm,python,2048,eu-de,754,600,154,IBM 2048 MB
16,ibm,python,2048,eu-de,748,599,149,IBM 2048 MB
16,ibm,python,2048,eu-de,749,592,157,IBM 2048 MB
16,ibm,python,2048,eu-de,750,598,152,IBM 2048 MB
16,ibm,python,2048,eu-de,749,599,150,IBM 2048 MB
16,ibm,python,2048,eu-de,749,605,144,IBM 2048 MB
16,ibm,python,2048,eu-de,762,593,169,IBM 2048 MB
16,ibm,python,2048,eu-de,882,668,214,IBM 2048 MB
16,ibm,python,2048,eu-de,770,603,167,IBM 2048 MB
16,ibm,python,2048,eu-de,768,604,164,IBM 2048 MB
16,ibm,python,2048,eu-de,721,606,115,IBM 2048 MB
16,ibm,python,2048,eu-de,757,596,161,IBM 2048 MB
16,ibm,python,2048,eu-de,743,590,153,IBM 2048 MB
16,ibm,python,2048,eu-de,762,603,159,IBM 2048 MB
16,ibm,python,2048,eu-de,705,599,106,IBM 2048 MB
16,ibm,python,2048,eu-de,786,600,186,IBM 2048 MB
16,ibm,python,2048,eu-de,746,591,155,IBM 2048 MB
16,ibm,python,2048,eu-de,838,603,235,IBM 2048 MB
16,ibm,python,2048,eu-de,746,598,148,IBM 2048 MB
16,ibm,python,2048,eu-de,986,699,287,IBM 2048 MB
16,ibm,python,2048,eu-de,752,596,156,IBM 2048 MB
16,ibm,python,2048,eu-de,1279,568,711,IBM 2048 MB